TOPSIS Analysis:
    Distance      Cost  Positive Ideal Distance  Negative Ideal Distance  Comprehensive Score Index  Rank
0   0.000000  1.000000                 0.700800                 1.000000                   0.587959   8.0
1   0.004421  0.592717                 0.498986                 0.592733                   0.542935  13.0
2   0.164005  0.569071                 0.337773                 0.592232                   0.636805   2.0
3   0.204751  0.485796                 0.291388                 0.527182                   0.644028   1.0
4   0.213984  0.404155                 0.298890                 0.457307                   0.604746   6.0
5   0.216263  0.391012                 0.301440                 0.446833                   0.597152   7.0
6   0.268516  0.337889                 0.281578                 0.431590                   0.605173   5.0
7   0.299116  0.232453                 0.335515                 0.378820                   0.530312  14.0
8   0.365914  0.229731                 0.303774                 0.432053                   0.587166   9.0
9   0.438237  0.200893                 0.308928                 0.482089                   0.609454   4.0
10  0.537205  0.174377                 0.332702                 0.564798                   0.629301   3.0
11  0.573070  0.055659                 0.455448                 0.575766                   0.558338  12.0
12  0.711687  0.034633                 0.517162                 0.712529                   0.579438  11.0
13  1.000000  0.000000                 0.713414                 1.000000                   0.583630  10.0

Best Solution:
index                                                       3
Distance                                           680.820385
Cost                                               397.360018
Path        [21, 22, 23, 24, 25, 26, 27, 28, 15, 16, 17, 1...
Name: 3, dtype: object

Positive Ideal Solution:
Distance    0.49554
Cost        0.50446
Name: Positive Ideal Solution, dtype: float64

Negative Ideal Solution:
Distance    0.0
Cost        0.0
Name: Negative Ideal Solution, dtype: float64

Weights:
[0.49554016 0.50445984]