TOPSIS Analysis:
     Distance      Cost  Positive Ideal Distance  Negative Ideal Distance  Comprehensive Score Index   Rank
0    0.000000  1.000000                 0.807495                 1.000000                   0.553252  249.5
1    0.000000  1.000000                 0.807495                 1.000000                   0.553252  249.5
2    0.000000  1.000000                 0.807495                 1.000000                   0.553252  249.5
3    0.000000  1.000000                 0.807495                 1.000000                   0.553252  249.5
4    0.000000  1.000000                 0.807495                 1.000000                   0.553252  249.5
5    0.000000  1.000000                 0.807495                 1.000000                   0.553252  249.5
6    0.000000  1.000000                 0.807495                 1.000000                   0.553252  249.5
7    0.000000  1.000000                 0.807495                 1.000000                   0.553252  249.5
8    0.000000  1.000000                 0.807495                 1.000000                   0.553252  249.5
9    0.000000  1.000000                 0.807495                 1.000000                   0.553252  249.5
10   0.000000  1.000000                 0.807495                 1.000000                   0.553252  249.5
11   0.000000  1.000000                 0.807495                 1.000000                   0.553252  249.5
12   0.000000  1.000000                 0.807495                 1.000000                   0.553252  249.5
13   0.000000  1.000000                 0.807495                 1.000000                   0.553252  249.5
14   0.000000  1.000000                 0.807495                 1.000000                   0.553252  249.5
15   0.000000  1.000000                 0.807495                 1.000000                   0.553252  249.5
16   0.000000  1.000000                 0.807495                 1.000000                   0.553252  249.5
17   0.000000  1.000000                 0.807495                 1.000000                   0.553252  249.5
18   0.000000  1.000000                 0.807495                 1.000000                   0.553252  249.5
19   0.000000  1.000000                 0.807495                 1.000000                   0.553252  249.5
20   0.000000  1.000000                 0.807495                 1.000000                   0.553252  249.5
21   0.000000  1.000000                 0.807495                 1.000000                   0.553252  249.5
22   0.532421  0.678135                 0.252086                 0.862171                   0.773763   62.0
23   0.532421  0.678135                 0.252086                 0.862171                   0.773763   62.0
24   0.532421  0.678135                 0.252086                 0.862171                   0.773763   62.0
25   0.532421  0.678135                 0.252086                 0.862171                   0.773763   62.0
26   0.532421  0.678135                 0.252086                 0.862171                   0.773763   62.0
27   0.532421  0.678135                 0.252086                 0.862171                   0.773763   62.0
28   0.532421  0.678135                 0.252086                 0.862171                   0.773763   62.0
29   0.532421  0.678135                 0.252086                 0.862171                   0.773763   62.0
30   0.532421  0.678135                 0.252086                 0.862171                   0.773763   62.0
31   0.532421  0.678135                 0.252086                 0.862171                   0.773763   62.0
32   0.532421  0.678135                 0.252086                 0.862171                   0.773763   62.0
33   0.532421  0.678135                 0.252086                 0.862171                   0.773763   62.0
34   0.532421  0.678135                 0.252086                 0.862171                   0.773763   62.0
35   0.532421  0.678135                 0.252086                 0.862171                   0.773763   62.0
36   0.532421  0.678135                 0.252086                 0.862171                   0.773763   62.0
37   0.532421  0.678135                 0.252086                 0.862171                   0.773763   62.0
38   0.532421  0.678135                 0.252086                 0.862171                   0.773763   62.0
39   0.532421  0.678135                 0.252086                 0.862171                   0.773763   62.0
40   0.532421  0.678135                 0.252086                 0.862171                   0.773763   62.0
41   0.532421  0.678135                 0.252086                 0.862171                   0.773763   62.0
42   0.532421  0.678135                 0.252086                 0.862171                   0.773763   62.0
43   0.532421  0.678135                 0.252086                 0.862171                   0.773763   62.0
44   0.532421  0.678135                 0.252086                 0.862171                   0.773763   62.0
45   0.532421  0.678135                 0.252086                 0.862171                   0.773763   62.0
46   0.532421  0.678135                 0.252086                 0.862171                   0.773763   62.0
47   0.532421  0.678135                 0.252086                 0.862171                   0.773763   62.0
48   0.532421  0.678135                 0.252086                 0.862171                   0.773763   62.0
49   0.532421  0.678135                 0.252086                 0.862171                   0.773763   62.0
50   0.532421  0.678135                 0.252086                 0.862171                   0.773763   62.0
51   0.532421  0.678135                 0.252086                 0.862171                   0.773763   62.0
52   0.532421  0.678135                 0.252086                 0.862171                   0.773763   62.0
53   0.532421  0.678135                 0.252086                 0.862171                   0.773763   62.0
54   0.532421  0.678135                 0.252086                 0.862171                   0.773763   62.0
55   0.532421  0.678135                 0.252086                 0.862171                   0.773763   62.0
56   0.532421  0.678135                 0.252086                 0.862171                   0.773763   62.0
57   0.532421  0.678135                 0.252086                 0.862171                   0.773763   62.0
58   0.532421  0.678135                 0.252086                 0.862171                   0.773763   62.0
59   0.532421  0.678135                 0.252086                 0.862171                   0.773763   62.0
60   0.532421  0.678135                 0.252086                 0.862171                   0.773763   62.0
61   0.532421  0.678135                 0.252086                 0.862171                   0.773763   62.0
62   0.532421  0.678135                 0.252086                 0.862171                   0.773763   62.0
63   0.532421  0.678135                 0.252086                 0.862171                   0.773763   62.0
64   0.532421  0.678135                 0.252086                 0.862171                   0.773763   62.0
65   0.532421  0.678135                 0.252086                 0.862171                   0.773763   62.0
66   0.532421  0.678135                 0.252086                 0.862171                   0.773763   62.0
67   0.532421  0.678135                 0.252086                 0.862171                   0.773763   62.0
68   0.532421  0.678135                 0.252086                 0.862171                   0.773763   62.0
69   0.532421  0.678135                 0.252086                 0.862171                   0.773763   62.0
70   0.532421  0.678135                 0.252086                 0.862171                   0.773763   62.0
71   0.532421  0.678135                 0.252086                 0.862171                   0.773763   62.0
72   0.532421  0.678135                 0.252086                 0.862171                   0.773763   62.0
73   0.532421  0.678135                 0.252086                 0.862171                   0.773763   62.0
74   0.532421  0.678135                 0.252086                 0.862171                   0.773763   62.0
75   0.532421  0.678135                 0.252086                 0.862171                   0.773763   62.0
76   0.532421  0.678135                 0.252086                 0.862171                   0.773763   62.0
77   0.532421  0.678135                 0.252086                 0.862171                   0.773763   62.0
78   0.532421  0.678135                 0.252086                 0.862171                   0.773763   62.0
79   0.532421  0.678135                 0.252086                 0.862171                   0.773763   62.0
80   0.532421  0.678135                 0.252086                 0.862171                   0.773763   62.0
81   0.532421  0.678135                 0.252086                 0.862171                   0.773763   62.0
82   0.532421  0.678135                 0.252086                 0.862171                   0.773763   62.0
83   0.532421  0.678135                 0.252086                 0.862171                   0.773763   62.0
84   0.532421  0.678135                 0.252086                 0.862171                   0.773763   62.0
85   0.532421  0.678135                 0.252086                 0.862171                   0.773763   62.0
86   0.532421  0.678135                 0.252086                 0.862171                   0.773763   62.0
87   0.532421  0.678135                 0.252086                 0.862171                   0.773763   62.0
88   0.532421  0.678135                 0.252086                 0.862171                   0.773763   62.0
89   0.532421  0.678135                 0.252086                 0.862171                   0.773763   62.0
90   0.532421  0.678135                 0.252086                 0.862171                   0.773763   62.0
91   0.532421  0.678135                 0.252086                 0.862171                   0.773763   62.0
92   0.532421  0.678135                 0.252086                 0.862171                   0.773763   62.0
93   0.532421  0.678135                 0.252086                 0.862171                   0.773763   62.0
94   0.532421  0.678135                 0.252086                 0.862171                   0.773763   62.0
95   0.532421  0.678135                 0.252086                 0.862171                   0.773763   62.0
96   0.532421  0.678135                 0.252086                 0.862171                   0.773763   62.0
97   0.532421  0.678135                 0.252086                 0.862171                   0.773763   62.0
98   0.532421  0.678135                 0.252086                 0.862171                   0.773763   62.0
99   0.532421  0.678135                 0.252086                 0.862171                   0.773763   62.0
100  0.532421  0.678135                 0.252086                 0.862171                   0.773763   62.0
101  0.532421  0.678135                 0.252086                 0.862171                   0.773763   62.0
102  0.532421  0.678135                 0.252086                 0.862171                   0.773763   62.0
103  0.532421  0.678135                 0.252086                 0.862171                   0.773763   62.0
104  0.532421  0.678135                 0.252086                 0.862171                   0.773763   62.0
105  0.532421  0.678135                 0.252086                 0.862171                   0.773763   62.0
106  0.532421  0.678135                 0.252086                 0.862171                   0.773763   62.0
107  0.532421  0.678135                 0.252086                 0.862171                   0.773763   62.0
108  0.532421  0.678135                 0.252086                 0.862171                   0.773763   62.0
109  0.532421  0.678135                 0.252086                 0.862171                   0.773763   62.0
110  0.532421  0.678135                 0.252086                 0.862171                   0.773763   62.0
111  0.532421  0.678135                 0.252086                 0.862171                   0.773763   62.0
112  0.532421  0.678135                 0.252086                 0.862171                   0.773763   62.0
113  0.532421  0.678135                 0.252086                 0.862171                   0.773763   62.0
114  0.532421  0.678135                 0.252086                 0.862171                   0.773763   62.0
115  0.532421  0.678135                 0.252086                 0.862171                   0.773763   62.0
116  0.532421  0.678135                 0.252086                 0.862171                   0.773763   62.0
117  0.532421  0.678135                 0.252086                 0.862171                   0.773763   62.0
118  0.532421  0.678135                 0.252086                 0.862171                   0.773763   62.0
119  0.532421  0.678135                 0.252086                 0.862171                   0.773763   62.0
120  0.532421  0.678135                 0.252086                 0.862171                   0.773763   62.0
121  0.532421  0.678135                 0.252086                 0.862171                   0.773763   62.0
122  0.532421  0.678135                 0.252086                 0.862171                   0.773763   62.0
123  0.532421  0.678135                 0.252086                 0.862171                   0.773763   62.0
124  0.532421  0.678135                 0.252086                 0.862171                   0.773763   62.0
125  0.532421  0.678135                 0.252086                 0.862171                   0.773763   62.0
126  0.532421  0.678135                 0.252086                 0.862171                   0.773763   62.0
127  0.532421  0.678135                 0.252086                 0.862171                   0.773763   62.0
128  0.532421  0.678135                 0.252086                 0.862171                   0.773763   62.0
129  0.532421  0.678135                 0.252086                 0.862171                   0.773763   62.0
130  0.532421  0.678135                 0.252086                 0.862171                   0.773763   62.0
131  0.532421  0.678135                 0.252086                 0.862171                   0.773763   62.0
132  0.532421  0.678135                 0.252086                 0.862171                   0.773763   62.0
133  0.532421  0.678135                 0.252086                 0.862171                   0.773763   62.0
134  0.532421  0.678135                 0.252086                 0.862171                   0.773763   62.0
135  0.532421  0.678135                 0.252086                 0.862171                   0.773763   62.0
136  0.532421  0.678135                 0.252086                 0.862171                   0.773763   62.0
137  0.532421  0.678135                 0.252086                 0.862171                   0.773763   62.0
138  0.532421  0.678135                 0.252086                 0.862171                   0.773763   62.0
139  0.532421  0.678135                 0.252086                 0.862171                   0.773763   62.0
140  0.532421  0.678135                 0.252086                 0.862171                   0.773763   62.0
141  0.532421  0.678135                 0.252086                 0.862171                   0.773763   62.0
142  0.532421  0.678135                 0.252086                 0.862171                   0.773763   62.0
143  0.532421  0.678135                 0.252086                 0.862171                   0.773763   62.0
144  0.532421  0.678135                 0.252086                 0.862171                   0.773763   62.0
145  1.000000  0.000000                 0.606719                 1.000000                   0.622386  181.0
146  1.000000  0.000000                 0.606719                 1.000000                   0.622386  181.0
147  1.000000  0.000000                 0.606719                 1.000000                   0.622386  181.0
148  1.000000  0.000000                 0.606719                 1.000000                   0.622386  181.0
149  1.000000  0.000000                 0.606719                 1.000000                   0.622386  181.0
150  1.000000  0.000000                 0.606719                 1.000000                   0.622386  181.0
151  1.000000  0.000000                 0.606719                 1.000000                   0.622386  181.0
152  1.000000  0.000000                 0.606719                 1.000000                   0.622386  181.0
153  1.000000  0.000000                 0.606719                 1.000000                   0.622386  181.0
154  1.000000  0.000000                 0.606719                 1.000000                   0.622386  181.0
155  1.000000  0.000000                 0.606719                 1.000000                   0.622386  181.0
156  1.000000  0.000000                 0.606719                 1.000000                   0.622386  181.0
157  1.000000  0.000000                 0.606719                 1.000000                   0.622386  181.0
158  1.000000  0.000000                 0.606719                 1.000000                   0.622386  181.0
159  1.000000  0.000000                 0.606719                 1.000000                   0.622386  181.0
160  1.000000  0.000000                 0.606719                 1.000000                   0.622386  181.0
161  1.000000  0.000000                 0.606719                 1.000000                   0.622386  181.0
162  1.000000  0.000000                 0.606719                 1.000000                   0.622386  181.0
163  1.000000  0.000000                 0.606719                 1.000000                   0.622386  181.0
164  1.000000  0.000000                 0.606719                 1.000000                   0.622386  181.0
165  1.000000  0.000000                 0.606719                 1.000000                   0.622386  181.0
166  1.000000  0.000000                 0.606719                 1.000000                   0.622386  181.0
167  1.000000  0.000000                 0.606719                 1.000000                   0.622386  181.0
168  1.000000  0.000000                 0.606719                 1.000000                   0.622386  181.0
169  1.000000  0.000000                 0.606719                 1.000000                   0.622386  181.0
170  1.000000  0.000000                 0.606719                 1.000000                   0.622386  181.0
171  1.000000  0.000000                 0.606719                 1.000000                   0.622386  181.0
172  1.000000  0.000000                 0.606719                 1.000000                   0.622386  181.0
173  1.000000  0.000000                 0.606719                 1.000000                   0.622386  181.0
174  1.000000  0.000000                 0.606719                 1.000000                   0.622386  181.0
175  1.000000  0.000000                 0.606719                 1.000000                   0.622386  181.0
176  1.000000  0.000000                 0.606719                 1.000000                   0.622386  181.0
177  1.000000  0.000000                 0.606719                 1.000000                   0.622386  181.0
178  1.000000  0.000000                 0.606719                 1.000000                   0.622386  181.0
179  1.000000  0.000000                 0.606719                 1.000000                   0.622386  181.0
180  1.000000  0.000000                 0.606719                 1.000000                   0.622386  181.0
181  1.000000  0.000000                 0.606719                 1.000000                   0.622386  181.0
182  1.000000  0.000000                 0.606719                 1.000000                   0.622386  181.0
183  1.000000  0.000000                 0.606719                 1.000000                   0.622386  181.0
184  1.000000  0.000000                 0.606719                 1.000000                   0.622386  181.0
185  1.000000  0.000000                 0.606719                 1.000000                   0.622386  181.0
186  1.000000  0.000000                 0.606719                 1.000000                   0.622386  181.0
187  1.000000  0.000000                 0.606719                 1.000000                   0.622386  181.0
188  1.000000  0.000000                 0.606719                 1.000000                   0.622386  181.0
189  1.000000  0.000000                 0.606719                 1.000000                   0.622386  181.0
190  1.000000  0.000000                 0.606719                 1.000000                   0.622386  181.0
191  1.000000  0.000000                 0.606719                 1.000000                   0.622386  181.0
192  1.000000  0.000000                 0.606719                 1.000000                   0.622386  181.0
193  1.000000  0.000000                 0.606719                 1.000000                   0.622386  181.0
194  1.000000  0.000000                 0.606719                 1.000000                   0.622386  181.0
195  1.000000  0.000000                 0.606719                 1.000000                   0.622386  181.0
196  1.000000  0.000000                 0.606719                 1.000000                   0.622386  181.0
197  1.000000  0.000000                 0.606719                 1.000000                   0.622386  181.0
198  1.000000  0.000000                 0.606719                 1.000000                   0.622386  181.0
199  1.000000  0.000000                 0.606719                 1.000000                   0.622386  181.0
200  1.000000  0.000000                 0.606719                 1.000000                   0.622386  181.0
201  1.000000  0.000000                 0.606719                 1.000000                   0.622386  181.0
202  1.000000  0.000000                 0.606719                 1.000000                   0.622386  181.0
203  1.000000  0.000000                 0.606719                 1.000000                   0.622386  181.0
204  1.000000  0.000000                 0.606719                 1.000000                   0.622386  181.0
205  1.000000  0.000000                 0.606719                 1.000000                   0.622386  181.0
206  1.000000  0.000000                 0.606719                 1.000000                   0.622386  181.0
207  1.000000  0.000000                 0.606719                 1.000000                   0.622386  181.0
208  1.000000  0.000000                 0.606719                 1.000000                   0.622386  181.0
209  1.000000  0.000000                 0.606719                 1.000000                   0.622386  181.0
210  1.000000  0.000000                 0.606719                 1.000000                   0.622386  181.0
211  1.000000  0.000000                 0.606719                 1.000000                   0.622386  181.0
212  1.000000  0.000000                 0.606719                 1.000000                   0.622386  181.0
213  1.000000  0.000000                 0.606719                 1.000000                   0.622386  181.0
214  1.000000  0.000000                 0.606719                 1.000000                   0.622386  181.0
215  1.000000  0.000000                 0.606719                 1.000000                   0.622386  181.0
216  1.000000  0.000000                 0.606719                 1.000000                   0.622386  181.0
217  1.000000  0.000000                 0.606719                 1.000000                   0.622386  181.0
218  1.000000  0.000000                 0.606719                 1.000000                   0.622386  181.0
219  1.000000  0.000000                 0.606719                 1.000000                   0.622386  181.0
220  1.000000  0.000000                 0.606719                 1.000000                   0.622386  181.0
221  1.000000  0.000000                 0.606719                 1.000000                   0.622386  181.0
222  1.000000  0.000000                 0.606719                 1.000000                   0.622386  181.0
223  1.000000  0.000000                 0.606719                 1.000000                   0.622386  181.0
224  1.000000  0.000000                 0.606719                 1.000000                   0.622386  181.0
225  1.000000  0.000000                 0.606719                 1.000000                   0.622386  181.0
226  1.000000  0.000000                 0.606719                 1.000000                   0.622386  181.0
227  1.000000  0.000000                 0.606719                 1.000000                   0.622386  181.0
228  1.000000  0.000000                 0.606719                 1.000000                   0.622386  181.0
229  1.000000  0.000000                 0.606719                 1.000000                   0.622386  181.0
230  1.000000  0.000000                 0.606719                 1.000000                   0.622386  181.0
231  1.000000  0.000000                 0.606719                 1.000000                   0.622386  181.0
232  1.000000  0.000000                 0.606719                 1.000000                   0.622386  181.0
233  1.000000  0.000000                 0.606719                 1.000000                   0.622386  181.0
234  1.000000  0.000000                 0.606719                 1.000000                   0.622386  181.0
235  1.000000  0.000000                 0.606719                 1.000000                   0.622386  181.0
236  1.000000  0.000000                 0.606719                 1.000000                   0.622386  181.0
237  1.000000  0.000000                 0.606719                 1.000000                   0.622386  181.0
238  1.000000  0.000000                 0.606719                 1.000000                   0.622386  181.0
239  1.000000  0.000000                 0.606719                 1.000000                   0.622386  181.0
240  1.000000  0.000000                 0.606719                 1.000000                   0.622386  181.0
241  1.000000  0.000000                 0.606719                 1.000000                   0.622386  181.0
242  1.000000  0.000000                 0.606719                 1.000000                   0.622386  181.0
243  1.000000  0.000000                 0.606719                 1.000000                   0.622386  181.0
244  1.000000  0.000000                 0.606719                 1.000000                   0.622386  181.0
245  1.000000  0.000000                 0.606719                 1.000000                   0.622386  181.0
246  1.000000  0.000000                 0.606719                 1.000000                   0.622386  181.0
247  1.000000  0.000000                 0.606719                 1.000000                   0.622386  181.0
248  1.000000  0.000000                 0.606719                 1.000000                   0.622386  181.0
249  1.000000  0.000000                 0.606719                 1.000000                   0.622386  181.0
250  1.000000  0.000000                 0.606719                 1.000000                   0.622386  181.0
251  1.000000  0.000000                 0.606719                 1.000000                   0.622386  181.0
252  1.000000  0.000000                 0.606719                 1.000000                   0.622386  181.0
253  1.000000  0.000000                 0.606719                 1.000000                   0.622386  181.0
254  1.000000  0.000000                 0.606719                 1.000000                   0.622386  181.0
255  1.000000  0.000000                 0.606719                 1.000000                   0.622386  181.0
256  1.000000  0.000000                 0.606719                 1.000000                   0.622386  181.0
257  1.000000  0.000000                 0.606719                 1.000000                   0.622386  181.0
258  1.000000  0.000000                 0.606719                 1.000000                   0.622386  181.0
259  1.000000  0.000000                 0.606719                 1.000000                   0.622386  181.0

Best Solution:
index                                                      22
Distance                                          1254.007151
Cost                                              2253.461938
Path        [35, 42, 40, 9, 6, 33, 45, 11, 22, 2, 13, 3, 2...
Name: 22, dtype: object

Positive Ideal Solution:
Distance    0.570985
Cost        0.429015
Name: Positive Ideal Solution, dtype: float64

Negative Ideal Solution:
Distance    0.0
Cost        0.0
Name: Negative Ideal Solution, dtype: float64

Weights:
[0.57098487 0.42901513]