TOPSIS Analysis:
    Distance      Cost  Positive Ideal Distance  Negative Ideal Distance  Comprehensive Score Index  Rank
0   1.000000  0.000000                 0.768040                 1.000000                   0.565598  79.5
1   1.000000  0.000000                 0.768040                 1.000000                   0.565598  79.5
2   1.000000  0.000000                 0.768040                 1.000000                   0.565598  79.5
3   1.000000  0.000000                 0.768040                 1.000000                   0.565598  79.5
4   1.000000  0.000000                 0.768040                 1.000000                   0.565598  79.5
5   1.000000  0.000000                 0.768040                 1.000000                   0.565598  79.5
6   0.000000  1.000000                 0.646173                 1.000000                   0.607469  46.5
7   0.000000  1.000000                 0.646173                 1.000000                   0.607469  46.5
8   0.577043  0.176629                 0.385645                 0.603470                   0.610111  40.5
9   0.577043  0.176629                 0.385645                 0.603470                   0.610111  40.5
10  0.762782  0.171939                 0.480942                 0.781920                   0.619165  22.5
11  0.762782  0.171939                 0.480942                 0.781920                   0.619165  22.5
12  0.078557  0.649284                 0.392978                 0.654019                   0.624662  12.0
13  0.384999  0.208746                 0.341987                 0.437949                   0.561519  85.5
14  0.384999  0.208746                 0.341987                 0.437949                   0.561519  85.5
15  0.861562  0.063024                 0.627854                 0.863864                   0.579107  67.0
16  0.293838  0.233511                 0.349901                 0.375324                   0.517528  99.5
17  0.293838  0.233511                 0.349901                 0.375324                   0.517528  99.5
18  0.485881  0.201394                 0.342918                 0.525966                   0.605335  50.5
19  0.485881  0.201394                 0.342918                 0.525966                   0.605335  50.5
20  0.933626  0.040422                 0.692767                 0.934500                   0.574276  69.5
21  0.933626  0.040422                 0.692767                 0.934500                   0.574276  69.5
22  0.089527  0.584169                 0.369676                 0.590990                   0.615188  31.5
23  0.089527  0.584169                 0.369676                 0.590990                   0.615188  31.5
24  0.557922  0.193708                 0.363687                 0.590593                   0.618889  24.5
25  0.557922  0.193708                 0.363687                 0.590593                   0.618889  24.5
26  0.077116  0.726342                 0.421698                 0.730424                   0.633982   1.5
27  0.077116  0.726342                 0.421698                 0.730424                   0.633982   1.5
28  0.224897  0.293072                 0.341085                 0.369418                   0.519938  97.5
29  0.224897  0.293072                 0.341085                 0.369418                   0.519938  97.5
30  0.043385  0.813653                 0.494178                 0.814809                   0.622473  15.0
31  0.825070  0.114970                 0.564644                 0.833041                   0.596015  54.5
32  0.825070  0.114970                 0.564644                 0.833041                   0.596015  54.5
33  0.032337  0.913409                 0.563386                 0.913981                   0.618655  26.0
34  0.859685  0.090325                 0.605985                 0.864418                   0.587878  58.5
35  0.859685  0.090325                 0.605985                 0.864418                   0.587878  58.5
36  0.121716  0.535413                 0.335286                 0.549074                   0.620872  18.5
37  0.121716  0.535413                 0.335286                 0.549074                   0.620872  18.5
38  0.265520  0.277171                 0.327632                 0.383829                   0.539494  91.5
39  0.265520  0.277171                 0.327632                 0.383829                   0.539494  91.5
40  0.979777  0.006527                 0.749188                 0.979798                   0.566690  73.5
41  0.979777  0.006527                 0.749188                 0.979798                   0.566690  73.5
42  0.025823  0.924104                 0.575337                 0.924465                   0.616391  27.5
43  0.025823  0.924104                 0.575337                 0.924465                   0.616391  27.5
44  0.002615  0.971608                 0.624514                 0.971612                   0.608731  42.5
45  0.002615  0.971608                 0.624514                 0.971612                   0.608731  42.5
46  0.036409  0.871411                 0.533499                 0.872171                   0.620467  20.5
47  0.036409  0.871411                 0.533499                 0.872171                   0.620467  20.5
48  0.147232  0.474352                 0.317218                 0.496676                   0.610247  39.0
49  0.041789  0.854526                 0.518963                 0.855547                   0.622438  16.5
50  0.041789  0.854526                 0.518963                 0.855547                   0.622438  16.5
51  0.136632  0.490806                 0.324520                 0.509469                   0.610882  37.5
52  0.136632  0.490806                 0.324520                 0.509469                   0.610882  37.5
53  0.803931  0.148334                 0.525596                 0.817501                   0.608669  44.5
54  0.803931  0.148334                 0.525596                 0.817501                   0.608669  44.5
55  0.129375  0.526866                 0.327940                 0.542518                   0.623256  13.5
56  0.129375  0.526866                 0.327940                 0.542518                   0.623256  13.5
57  0.793196  0.161069                 0.508944                 0.809385                   0.613948  33.5
58  0.793196  0.161069                 0.508944                 0.809385                   0.613948  33.5
59  0.222324  0.328534                 0.317907                 0.396689                   0.555123  89.5
60  0.222324  0.328534                 0.317907                 0.396689                   0.555123  89.5
61  0.165925  0.452554                 0.304747                 0.482012                   0.612655  35.5
62  0.165925  0.452554                 0.304747                 0.482012                   0.612655  35.5
63  0.177467  0.400783                 0.313593                 0.438317                   0.582938  61.5
64  0.177467  0.400783                 0.313593                 0.438317                   0.582938  61.5
65  0.172066  0.425790                 0.308053                 0.459243                   0.598521  52.5
66  0.172066  0.425790                 0.308053                 0.459243                   0.598521  52.5
67  0.064997  0.807022                 0.472504                 0.809635                   0.631472   9.0
68  0.191361  0.390276                 0.306381                 0.434666                   0.586557  60.0
69  0.069139  0.754348                 0.441589                 0.757510                   0.631733   7.5
70  0.069139  0.754348                 0.441589                 0.757510                   0.631733   7.5
71  0.067336  0.779389                 0.455642                 0.782292                   0.631934   5.5
72  0.067336  0.779389                 0.455642                 0.782292                   0.631934   5.5
73  0.157984  0.454354                 0.311820                 0.481037                   0.606713  48.5
74  0.157984  0.454354                 0.311820                 0.481037                   0.606713  48.5
75  0.290434  0.253319                 0.334187                 0.385386                   0.535576  95.5
76  0.290434  0.253319                 0.334187                 0.385386                   0.535576  95.5
77  0.282774  0.261866                 0.330771                 0.385403                   0.538142  93.5
78  0.282774  0.261866                 0.330771                 0.385403                   0.538142  93.5
79  0.200675  0.353278                 0.318881                 0.406296                   0.560271  87.5
80  0.200675  0.353278                 0.318881                 0.406296                   0.560271  87.5
81  0.199920  0.369711                 0.310008                 0.420302                   0.575512  68.0
82  0.064720  0.807781                 0.473158                 0.810369                   0.631361  10.5
83  0.064720  0.807781                 0.473158                 0.810369                   0.631361  10.5
84  0.144924  0.487909                 0.316832                 0.508977                   0.616338  29.5
85  0.144924  0.487909                 0.316832                 0.508977                   0.616338  29.5
86  0.221024  0.342692                 0.309519                 0.407786                   0.568497  71.5
87  0.221024  0.342692                 0.309519                 0.407786                   0.568497  71.5
88  0.074519  0.737464                 0.428961                 0.741219                   0.633423   3.5
89  0.074519  0.737464                 0.428961                 0.741219                   0.633423   3.5
90  0.185407  0.398982                 0.307379                 0.439958                   0.588701  56.5
91  0.185407  0.398982                 0.307379                 0.439958                   0.588701  56.5
92  0.208615  0.351478                 0.313633                 0.408726                   0.565821  75.5
93  0.208615  0.351478                 0.313633                 0.408726                   0.565821  75.5
94  0.195274  0.378285                 0.309216                 0.425713                   0.579257  65.5
95  0.195274  0.378285                 0.309216                 0.425713                   0.579257  65.5
96  0.214569  0.342772                 0.314415                 0.404391                   0.562587  83.5
97  0.214569  0.342772                 0.314415                 0.404391                   0.562587  83.5
98  0.199116  0.376039                 0.307188                 0.425502                   0.580739  63.5
99  0.199116  0.376039                 0.307188                 0.425502                   0.580739  63.5

Best Solution:
index                                                      26
Distance                                           675.773458
Cost                                              2009.605868
Path        [31, 11, 28, 6, 6, 39, 39, 36, 42, 22, 37, 5, ...
Name: 26, dtype: object

Positive Ideal Solution:
Distance    0.456913
Cost        0.543087
Name: Positive Ideal Solution, dtype: float64

Negative Ideal Solution:
Distance    0.0
Cost        0.0
Name: Negative Ideal Solution, dtype: float64

Weights:
[0.45691349 0.54308651]